eval_loss = 1.2940622076045636
f1_score = 0.7102914931588339
precision = 0.7007042253521126
recall = 0.7201447527141134
